0 (1, 2, 6, 4, 9, 8, 5, 3, 0, 7)
1 (1, 2, 6, 5, 9, 8, 4, 3, 0, 7)
2 (1, 2, 7, 4, 9, 8, 5, 3, 0, 6)
3 (1, 2, 7, 5, 9, 8, 4, 3, 0, 6)
4 (1, 2, 8, 6, 7, 9, 4, 5, 3, 0)
5 (1, 2, 8, 6, 7, 9, 5, 4, 3, 0)
6 (1, 2, 9, 6, 7, 8, 4, 5, 3, 0)
7 (1, 2, 9, 6, 7, 8, 5, 4, 3, 0)
8 (1, 2, 9, 8, 3, 0, 4, 5, 6, 7)
9 (1, 3, 0, 6, 2, 8, 4, 9, 7, 5)
10 (1, 3, 0, 6, 2, 8, 5, 9, 7, 4)
11 (1, 3, 0, 6, 2, 9, 4, 8, 7, 5)
12 (1, 3, 0, 6, 2, 9, 5, 8, 7, 4)
13 (1, 3, 0, 6, 9, 8, 4, 5, 2, 7)
14 (1, 3, 0, 6, 9, 8, 5, 4, 2, 7)
15 (1, 3, 0, 7, 2, 8, 4, 9, 6, 5)
16 (1, 3, 0, 7, 2, 8, 5, 9, 6, 4)
17 (1, 3, 0, 7, 2, 9, 4, 8, 6, 5)
18 (1, 3, 0, 7, 2, 9, 5, 8, 6, 4)
19 (1, 3, 0, 9, 7, 8, 4, 5, 2, 6)
20 (1, 3, 0, 9, 7, 8, 5, 4, 2, 6)
21 (1, 3, 6, 4, 9, 8, 5, 2, 0, 7)
22 (1, 3, 6, 5, 9, 8, 4, 2, 0, 7)
23 (1, 3, 7, 4, 9, 8, 5, 2, 0, 6)
24 (1, 3, 7, 5, 9, 8, 4, 2, 0, 6)
25 (1, 3, 8, 6, 7, 9, 4, 5, 2, 0)
26 (1, 3, 8, 6, 7, 9, 5, 4, 2, 0)
27 (1, 3, 9, 6, 7, 8, 4, 5, 2, 0)
28 (1, 3, 9, 6, 7, 8, 5, 4, 2, 0)
29 (1, 3, 9, 8, 2, 0, 4, 5, 6, 7)
30 (1, 4, 6, 0, 9, 8, 5, 2, 3, 7)
31 (1, 4, 6, 0, 9, 8, 5, 3, 2, 7)
32 (1, 4, 6, 8, 7, 9, 5, 2, 3, 0)
33 (1, 4, 6, 8, 7, 9, 5, 3, 2, 0)
34 (1, 4, 6, 9, 7, 8, 5, 2, 3, 0)
35 (1, 4, 6, 9, 7, 8, 5, 3, 2, 0)
36 (1, 4, 7, 0, 9, 8, 5, 2, 3, 6)
37 (1, 4, 7, 0, 9, 8, 5, 3, 2, 6)
38 (1, 4, 7, 8, 6, 9, 5, 2, 3, 0)
39 (1, 4, 7, 8, 6, 9, 5, 3, 2, 0)
40 (1, 4, 7, 9, 6, 8, 5, 2, 3, 0)
41 (1, 4, 7, 9, 6, 8, 5, 3, 2, 0)
42 (1, 4, 8, 5, 6, 9, 0, 2, 3, 7)
43 (1, 4, 8, 5, 6, 9, 0, 3, 2, 7)
44 (1, 4, 8, 5, 7, 9, 0, 2, 3, 6)
45 (1, 4, 8, 5, 7, 9, 0, 3, 2, 6)
46 (1, 4, 9, 5, 6, 8, 0, 2, 3, 7)
47 (1, 4, 9, 5, 6, 8, 0, 3, 2, 7)
48 (1, 4, 9, 5, 7, 8, 0, 2, 3, 6)
49 (1, 4, 9, 5, 7, 8, 0, 3, 2, 6)
50 (1, 5, 6, 0, 9, 8, 4, 2, 3, 7)
51 (1, 5, 6, 0, 9, 8, 4, 3, 2, 7)
52 (1, 5, 6, 8, 7, 9, 4, 2, 3, 0)
53 (1, 5, 6, 8, 7, 9, 4, 3, 2, 0)
54 (1, 5, 6, 9, 7, 8, 4, 2, 3, 0)
55 (1, 5, 6, 9, 7, 8, 4, 3, 2, 0)
56 (1, 5, 7, 0, 9, 8, 4, 2, 3, 6)
57 (1, 5, 7, 0, 9, 8, 4, 3, 2, 6)
58 (1, 5, 7, 8, 6, 9, 4, 2, 3, 0)
59 (1, 5, 7, 8, 6, 9, 4, 3, 2, 0)
60 (1, 5, 7, 9, 6, 8, 4, 2, 3, 0)
61 (1, 5, 7, 9, 6, 8, 4, 3, 2, 0)
62 (1, 5, 8, 4, 6, 9, 0, 2, 3, 7)
63 (1, 5, 8, 4, 6, 9, 0, 3, 2, 7)
64 (1, 5, 8, 4, 7, 9, 0, 2, 3, 6)
65 (1, 5, 8, 4, 7, 9, 0, 3, 2, 6)
66 (1, 5, 9, 4, 6, 8, 0, 2, 3, 7)
67 (1, 5, 9, 4, 6, 8, 0, 3, 2, 7)
68 (1, 5, 9, 4, 7, 8, 0, 2, 3, 6)
69 (1, 5, 9, 4, 7, 8, 0, 3, 2, 6)
70 (1, 6, 0, 4, 9, 8, 5, 2, 3, 7)
71 (1, 6, 0, 4, 9, 8, 5, 3, 2, 7)
72 (1, 6, 0, 5, 9, 8, 4, 2, 3, 7)
73 (1, 6, 0, 5, 9, 8, 4, 3, 2, 7)
74 (1, 6, 8, 4, 7, 9, 5, 2, 3, 0)
75 (1, 6, 8, 4, 7, 9, 5, 3, 2, 0)
76 (1, 6, 8, 5, 7, 9, 4, 2, 3, 0)
77 (1, 6, 8, 5, 7, 9, 4, 3, 2, 0)
78 (1, 6, 9, 4, 7, 8, 5, 2, 3, 0)
79 (1, 6, 9, 4, 7, 8, 5, 3, 2, 0)
80 (1, 6, 9, 5, 7, 8, 4, 2, 3, 0)
81 (1, 6, 9, 5, 7, 8, 4, 3, 2, 0)
82 (1, 7, 0, 4, 9, 8, 5, 2, 3, 6)
83 (1, 7, 0, 4, 9, 8, 5, 3, 2, 6)
84 (1, 7, 0, 5, 9, 8, 4, 2, 3, 6)
85 (1, 7, 0, 5, 9, 8, 4, 3, 2, 6)
86 (1, 7, 8, 4, 6, 9, 5, 2, 3, 0)
87 (1, 7, 8, 4, 6, 9, 5, 3, 2, 0)
88 (1, 7, 8, 5, 6, 9, 4, 2, 3, 0)
89 (1, 7, 8, 5, 6, 9, 4, 3, 2, 0)
90 (1, 7, 9, 4, 6, 8, 5, 2, 3, 0)
91 (1, 7, 9, 4, 6, 8, 5, 3, 2, 0)
92 (1, 7, 9, 5, 6, 8, 4, 2, 3, 0)
93 (1, 7, 9, 5, 6, 8, 4, 3, 2, 0)
94 (1, 8, 6, 4, 9, 0, 5, 2, 3, 7)
95 (1, 8, 6, 4, 9, 0, 5, 3, 2, 7)
96 (1, 8, 6, 5, 9, 0, 4, 2, 3, 7)
97 (1, 8, 6, 5, 9, 0, 4, 3, 2, 7)
98 (1, 8, 7, 4, 9, 0, 5, 2, 3, 6)
99 (1, 8, 7, 4, 9, 0, 5, 3, 2, 6)
100 (1, 8, 7, 5, 9, 0, 4, 2, 3, 6)
101 (1, 8, 7, 5, 9, 0, 4, 3, 2, 6)
102 (1, 8, 9, 6, 7, 0, 4, 5, 2, 3)
103 (1, 8, 9, 6, 7, 0, 4, 5, 3, 2)
104 (1, 8, 9, 6, 7, 0, 5, 4, 2, 3)
105 (1, 8, 9, 6, 7, 0, 5, 4, 3, 2)
106 (1, 9, 0, 6, 7, 8, 4, 5, 2, 3)
107 (1, 9, 0, 6, 7, 8, 4, 5, 3, 2)
108 (1, 9, 0, 6, 7, 8, 5, 4, 2, 3)
109 (1, 9, 0, 6, 7, 8, 5, 4, 3, 2)
110 (2, 0, 6, 4, 9, 8, 5, 1, 3, 7)
111 (2, 0, 6, 4, 9, 8, 5, 3, 1, 7)
112 (2, 0, 6, 5, 9, 8, 4, 1, 3, 7)
113 (2, 0, 6, 5, 9, 8, 4, 3, 1, 7)
114 (2, 0, 7, 4, 9, 8, 5, 1, 3, 6)
115 (2, 0, 7, 4, 9, 8, 5, 3, 1, 6)
116 (2, 0, 7, 5, 9, 8, 4, 1, 3, 6)
117 (2, 0, 7, 5, 9, 8, 4, 3, 1, 6)
118 (2, 0, 8, 4, 6, 9, 5, 3, 1, 7)
119 (2, 0, 8, 4, 7, 9, 5, 3, 1, 6)
120 (2, 0, 8, 5, 6, 9, 4, 3, 1, 7)
121 (2, 0, 8, 5, 7, 9, 4, 3, 1, 6)
122 (2, 0, 9, 4, 6, 8, 5, 3, 1, 7)
123 (2, 0, 9, 4, 7, 8, 5, 3, 1, 6)
124 (2, 0, 9, 5, 6, 8, 4, 3, 1, 7)
125 (2, 0, 9, 5, 7, 8, 4, 3, 1, 6)
126 (2, 3, 1, 6, 0, 8, 4, 9, 7, 5)
127 (2, 3, 1, 6, 0, 8, 5, 9, 7, 4)
128 (2, 3, 1, 6, 0, 9, 4, 8, 7, 5)
129 (2, 3, 1, 6, 0, 9, 5, 8, 7, 4)
130 (2, 3, 1, 6, 9, 8, 4, 5, 0, 7)
131 (2, 3, 1, 6, 9, 8, 5, 4, 0, 7)
132 (2, 3, 1, 7, 0, 8, 4, 9, 6, 5)
133 (2, 3, 1, 7, 0, 8, 5, 9, 6, 4)
134 (2, 3, 1, 7, 0, 9, 4, 8, 6, 5)
135 (2, 3, 1, 7, 0, 9, 5, 8, 6, 4)
136 (2, 3, 1, 9, 7, 8, 4, 5, 0, 6)
137 (2, 3, 1, 9, 7, 8, 5, 4, 0, 6)
138 (2, 3, 6, 4, 9, 8, 5, 1, 0, 7)
139 (2, 3, 6, 5, 9, 8, 4, 1, 0, 7)
140 (2, 3, 7, 4, 9, 8, 5, 1, 0, 6)
141 (2, 3, 7, 5, 9, 8, 4, 1, 0, 6)
142 (2, 3, 8, 4, 6, 9, 5, 1, 0, 7)
143 (2, 3, 8, 4, 7, 9, 5, 1, 0, 6)
144 (2, 3, 8, 5, 6, 9, 4, 1, 0, 7)
145 (2, 3, 8, 5, 7, 9, 4, 1, 0, 6)
146 (2, 3, 9, 4, 6, 8, 5, 1, 0, 7)
147 (2, 3, 9, 4, 7, 8, 5, 1, 0, 6)
148 (2, 3, 9, 5, 6, 8, 4, 1, 0, 7)
149 (2, 3, 9, 5, 7, 8, 4, 1, 0, 6)
150 (2, 3, 9, 8, 0, 1, 4, 5, 6, 7)
151 (2, 4, 6, 1, 9, 8, 5, 0, 3, 7)
152 (2, 4, 6, 1, 9, 8, 5, 3, 0, 7)
153 (2, 4, 6, 5, 9, 8, 1, 0, 3, 7)
154 (2, 4, 6, 8, 7, 9, 1, 0, 3, 5)
155 (2, 4, 6, 9, 7, 8, 1, 0, 3, 5)
156 (2, 4, 7, 1, 9, 8, 5, 0, 3, 6)
157 (2, 4, 7, 1, 9, 8, 5, 3, 0, 6)
158 (2, 4, 7, 5, 9, 8, 1, 0, 3, 6)
159 (2, 4, 7, 8, 6, 9, 1, 0, 3, 5)
160 (2, 4, 7, 9, 6, 8, 1, 0, 3, 5)
161 (2, 4, 8, 5, 6, 9, 1, 0, 3, 7)
162 (2, 4, 8, 5, 7, 9, 1, 0, 3, 6)
163 (2, 4, 9, 5, 6, 8, 1, 0, 3, 7)
164 (2, 4, 9, 5, 7, 8, 1, 0, 3, 6)
165 (2, 5, 6, 1, 9, 8, 4, 0, 3, 7)
166 (2, 5, 6, 1, 9, 8, 4, 3, 0, 7)
167 (2, 5, 6, 4, 9, 8, 1, 0, 3, 7)
168 (2, 5, 6, 8, 7, 9, 1, 0, 3, 4)
169 (2, 5, 6, 9, 7, 8, 1, 0, 3, 4)
170 (2, 5, 7, 1, 9, 8, 4, 0, 3, 6)
171 (2, 5, 7, 1, 9, 8, 4, 3, 0, 6)
172 (2, 5, 7, 4, 9, 8, 1, 0, 3, 6)
173 (2, 5, 7, 8, 6, 9, 1, 0, 3, 4)
174 (2, 5, 7, 9, 6, 8, 1, 0, 3, 4)
175 (2, 5, 8, 4, 6, 9, 1, 0, 3, 7)
176 (2, 5, 8, 4, 7, 9, 1, 0, 3, 6)
177 (2, 5, 9, 4, 6, 8, 1, 0, 3, 7)
178 (2, 5, 9, 4, 7, 8, 1, 0, 3, 6)
179 (2, 6, 1, 4, 9, 8, 5, 3, 0, 7)
180 (2, 6, 1, 5, 9, 8, 4, 3, 0, 7)
181 (2, 6, 7, 4, 9, 8, 5, 0, 3, 1)
182 (2, 6, 7, 4, 9, 8, 5, 3, 0, 1)
183 (2, 6, 7, 5, 9, 8, 4, 0, 3, 1)
184 (2, 6, 7, 5, 9, 8, 4, 3, 0, 1)
185 (2, 6, 8, 4, 7, 9, 5, 0, 3, 1)
186 (2, 6, 8, 5, 7, 9, 4, 0, 3, 1)
187 (2, 6, 9, 4, 7, 8, 5, 0, 3, 1)
188 (2, 6, 9, 5, 7, 8, 4, 0, 3, 1)
189 (2, 7, 1, 4, 9, 8, 5, 3, 0, 6)
190 (2, 7, 1, 5, 9, 8, 4, 3, 0, 6)
191 (2, 7, 6, 4, 9, 8, 5, 0, 3, 1)
192 (2, 7, 6, 4, 9, 8, 5, 3, 0, 1)
193 (2, 7, 6, 5, 9, 8, 4, 0, 3, 1)
194 (2, 7, 6, 5, 9, 8, 4, 3, 0, 1)
195 (2, 7, 8, 4, 6, 9, 5, 0, 3, 1)
196 (2, 7, 8, 5, 6, 9, 4, 0, 3, 1)
197 (2, 7, 8, 6, 1, 9, 4, 5, 0, 3)
198 (2, 7, 8, 6, 1, 9, 5, 4, 0, 3)
199 (2, 7, 9, 4, 6, 8, 5, 0, 3, 1)
200 (2, 7, 9, 5, 6, 8, 4, 0, 3, 1)
201 (2, 7, 9, 6, 1, 8, 4, 5, 0, 3)
202 (2, 7, 9, 6, 1, 8, 5, 4, 0, 3)
203 (2, 7, 9, 8, 3, 0, 4, 5, 6, 1)
204 (2, 7, 9, 8, 3, 0, 5, 4, 6, 1)
205 (2, 8, 6, 4, 1, 9, 5, 3, 0, 7)
206 (2, 8, 6, 5, 1, 9, 4, 3, 0, 7)
207 (2, 8, 7, 4, 1, 9, 5, 3, 0, 6)
208 (2, 8, 7, 5, 1, 9, 4, 3, 0, 6)
209 (2, 8, 9, 4, 6, 1, 5, 0, 3, 7)
210 (2, 8, 9, 4, 6, 1, 5, 3, 0, 7)
211 (2, 8, 9, 4, 7, 1, 5, 0, 3, 6)
212 (2, 8, 9, 4, 7, 1, 5, 3, 0, 6)
213 (2, 8, 9, 5, 6, 1, 4, 0, 3, 7)
214 (2, 8, 9, 5, 6, 1, 4, 3, 0, 7)
215 (2, 8, 9, 5, 7, 1, 4, 0, 3, 6)
216 (2, 8, 9, 5, 7, 1, 4, 3, 0, 6)
217 (2, 9, 6, 4, 1, 8, 5, 3, 0, 7)
218 (2, 9, 6, 5, 1, 8, 4, 3, 0, 7)
219 (2, 9, 7, 4, 1, 8, 5, 3, 0, 6)
220 (2, 9, 7, 5, 1, 8, 4, 3, 0, 6)
221 (2, 9, 8, 4, 6, 1, 5, 0, 3, 7)
222 (2, 9, 8, 4, 6, 1, 5, 3, 0, 7)
223 (2, 9, 8, 4, 7, 1, 5, 0, 3, 6)
224 (2, 9, 8, 4, 7, 1, 5, 3, 0, 6)
225 (2, 9, 8, 5, 6, 1, 4, 0, 3, 7)
226 (2, 9, 8, 5, 6, 1, 4, 3, 0, 7)
227 (2, 9, 8, 5, 7, 1, 4, 0, 3, 6)
228 (2, 9, 8, 5, 7, 1, 4, 3, 0, 6)
229 (3, 0, 1, 6, 2, 8, 4, 9, 7, 5)
230 (3, 0, 1, 6, 2, 8, 5, 9, 7, 4)
231 (3, 0, 1, 6, 2, 9, 4, 8, 7, 5)
232 (3, 0, 1, 6, 2, 9, 5, 8, 7, 4)
233 (3, 0, 1, 6, 9, 8, 4, 5, 2, 7)
234 (3, 0, 1, 6, 9, 8, 5, 4, 2, 7)
235 (3, 0, 1, 7, 2, 8, 4, 9, 6, 5)
236 (3, 0, 1, 7, 2, 8, 5, 9, 6, 4)
237 (3, 0, 1, 7, 2, 9, 4, 8, 6, 5)
238 (3, 0, 1, 7, 2, 9, 5, 8, 6, 4)
239 (3, 0, 1, 9, 7, 8, 4, 5, 2, 6)
240 (3, 0, 1, 9, 7, 8, 5, 4, 2, 6)
241 (3, 0, 6, 4, 9, 8, 5, 1, 2, 7)
242 (3, 0, 6, 4, 9, 8, 5, 2, 1, 7)
243 (3, 0, 6, 5, 9, 8, 4, 1, 2, 7)
244 (3, 0, 6, 5, 9, 8, 4, 2, 1, 7)
245 (3, 0, 7, 4, 9, 8, 5, 1, 2, 6)
246 (3, 0, 7, 4, 9, 8, 5, 2, 1, 6)
247 (3, 0, 7, 5, 9, 8, 4, 1, 2, 6)
248 (3, 0, 7, 5, 9, 8, 4, 2, 1, 6)
249 (3, 0, 8, 4, 6, 9, 5, 2, 1, 7)
250 (3, 0, 8, 4, 7, 9, 5, 2, 1, 6)
251 (3, 0, 8, 5, 6, 9, 4, 2, 1, 7)
252 (3, 0, 8, 5, 7, 9, 4, 2, 1, 6)
253 (3, 0, 9, 4, 6, 8, 5, 2, 1, 7)
254 (3, 0, 9, 4, 7, 8, 5, 2, 1, 6)
255 (3, 0, 9, 5, 6, 8, 4, 2, 1, 7)
256 (3, 0, 9, 5, 7, 8, 4, 2, 1, 6)
257 (3, 2, 0, 6, 1, 8, 4, 9, 7, 5)
258 (3, 2, 0, 6, 1, 8, 5, 9, 7, 4)
259 (3, 2, 0, 6, 1, 9, 4, 8, 7, 5)
260 (3, 2, 0, 6, 1, 9, 5, 8, 7, 4)
261 (3, 2, 0, 6, 9, 8, 4, 5, 1, 7)
262 (3, 2, 0, 6, 9, 8, 5, 4, 1, 7)
263 (3, 2, 0, 7, 1, 8, 4, 9, 6, 5)
264 (3, 2, 0, 7, 1, 8, 5, 9, 6, 4)
265 (3, 2, 0, 7, 1, 9, 4, 8, 6, 5)
266 (3, 2, 0, 7, 1, 9, 5, 8, 6, 4)
267 (3, 2, 0, 9, 7, 8, 4, 5, 1, 6)
268 (3, 2, 0, 9, 7, 8, 5, 4, 1, 6)
269 (3, 2, 6, 4, 9, 8, 5, 1, 0, 7)
270 (3, 2, 6, 5, 9, 8, 4, 1, 0, 7)
271 (3, 2, 7, 4, 9, 8, 5, 1, 0, 6)
272 (3, 2, 7, 5, 9, 8, 4, 1, 0, 6)
273 (3, 2, 8, 4, 6, 9, 5, 1, 0, 7)
274 (3, 2, 8, 4, 7, 9, 5, 1, 0, 6)
275 (3, 2, 8, 5, 6, 9, 4, 1, 0, 7)
276 (3, 2, 8, 5, 7, 9, 4, 1, 0, 6)
277 (3, 2, 9, 4, 6, 8, 5, 1, 0, 7)
278 (3, 2, 9, 4, 7, 8, 5, 1, 0, 6)
279 (3, 2, 9, 5, 6, 8, 4, 1, 0, 7)
280 (3, 2, 9, 5, 7, 8, 4, 1, 0, 6)
281 (3, 2, 9, 8, 0, 1, 4, 5, 6, 7)
282 (3, 4, 0, 6, 2, 8, 1, 9, 7, 5)
283 (3, 4, 0, 6, 2, 8, 5, 9, 7, 1)
284 (3, 4, 0, 6, 2, 9, 1, 8, 7, 5)
285 (3, 4, 0, 6, 2, 9, 5, 8, 7, 1)
286 (3, 4, 0, 6, 9, 8, 1, 5, 2, 7)
287 (3, 4, 0, 7, 2, 8, 1, 9, 6, 5)
288 (3, 4, 0, 7, 2, 8, 5, 9, 6, 1)
289 (3, 4, 0, 7, 2, 9, 1, 8, 6, 5)
290 (3, 4, 0, 7, 2, 9, 5, 8, 6, 1)
291 (3, 4, 0, 7, 9, 8, 1, 5, 2, 6)
292 (3, 4, 0, 9, 6, 8, 5, 1, 2, 7)
293 (3, 4, 0, 9, 7, 8, 5, 1, 2, 6)
294 (3, 4, 6, 1, 9, 8, 5, 0, 2, 7)
295 (3, 4, 6, 1, 9, 8, 5, 2, 0, 7)
296 (3, 4, 6, 5, 9, 8, 1, 0, 2, 7)
297 (3, 4, 6, 8, 7, 9, 1, 0, 2, 5)
298 (3, 4, 6, 9, 7, 8, 1, 0, 2, 5)
299 (3, 4, 7, 1, 9, 8, 5, 0, 2, 6)
300 (3, 4, 7, 1, 9, 8, 5, 2, 0, 6)
301 (3, 4, 7, 5, 9, 8, 1, 0, 2, 6)
302 (3, 4, 7, 8, 6, 9, 1, 0, 2, 5)
303 (3, 4, 7, 9, 6, 8, 1, 0, 2, 5)
304 (3, 4, 8, 5, 6, 9, 1, 0, 2, 7)
305 (3, 4, 8, 5, 7, 9, 1, 0, 2, 6)
306 (3, 4, 9, 5, 6, 8, 1, 0, 2, 7)
307 (3, 4, 9, 5, 7, 8, 1, 0, 2, 6)
308 (3, 5, 0, 6, 2, 8, 1, 9, 7, 4)
309 (3, 5, 0, 6, 2, 8, 4, 9, 7, 1)
310 (3, 5, 0, 6, 2, 9, 1, 8, 7, 4)
311 (3, 5, 0, 6, 2, 9, 4, 8, 7, 1)
312 (3, 5, 0, 6, 9, 8, 1, 4, 2, 7)
313 (3, 5, 0, 7, 2, 8, 1, 9, 6, 4)
314 (3, 5, 0, 7, 2, 8, 4, 9, 6, 1)
315 (3, 5, 0, 7, 2, 9, 1, 8, 6, 4)
316 (3, 5, 0, 7, 2, 9, 4, 8, 6, 1)
317 (3, 5, 0, 7, 9, 8, 1, 4, 2, 6)
318 (3, 5, 0, 9, 6, 8, 4, 1, 2, 7)
319 (3, 5, 0, 9, 7, 8, 4, 1, 2, 6)
320 (3, 5, 6, 1, 9, 8, 4, 0, 2, 7)
321 (3, 5, 6, 1, 9, 8, 4, 2, 0, 7)
322 (3, 5, 6, 4, 9, 8, 1, 0, 2, 7)
323 (3, 5, 6, 8, 7, 9, 1, 0, 2, 4)
324 (3, 5, 6, 9, 7, 8, 1, 0, 2, 4)
325 (3, 5, 7, 1, 9, 8, 4, 0, 2, 6)
326 (3, 5, 7, 1, 9, 8, 4, 2, 0, 6)
327 (3, 5, 7, 4, 9, 8, 1, 0, 2, 6)
328 (3, 5, 7, 8, 6, 9, 1, 0, 2, 4)
329 (3, 5, 7, 9, 6, 8, 1, 0, 2, 4)
330 (3, 5, 8, 4, 6, 9, 1, 0, 2, 7)
331 (3, 5, 8, 4, 7, 9, 1, 0, 2, 6)
332 (3, 5, 9, 4, 6, 8, 1, 0, 2, 7)
333 (3, 5, 9, 4, 7, 8, 1, 0, 2, 6)
334 (3, 6, 0, 1, 2, 8, 4, 9, 7, 5)
335 (3, 6, 0, 1, 2, 8, 5, 9, 7, 4)
336 (3, 6, 0, 1, 2, 9, 4, 8, 7, 5)
337 (3, 6, 0, 1, 2, 9, 5, 8, 7, 4)
338 (3, 6, 0, 1, 9, 8, 4, 5, 2, 7)
339 (3, 6, 0, 1, 9, 8, 5, 4, 2, 7)
340 (3, 6, 0, 7, 2, 8, 4, 9, 1, 5)
341 (3, 6, 0, 7, 2, 8, 5, 9, 1, 4)
342 (3, 6, 0, 7, 2, 9, 4, 8, 1, 5)
343 (3, 6, 0, 7, 2, 9, 5, 8, 1, 4)
344 (3, 6, 0, 9, 7, 8, 4, 5, 2, 1)
345 (3, 6, 0, 9, 7, 8, 5, 4, 2, 1)
346 (3, 6, 1, 4, 9, 8, 5, 2, 0, 7)
347 (3, 6, 1, 5, 9, 8, 4, 2, 0, 7)
348 (3, 6, 7, 4, 9, 8, 5, 0, 2, 1)
349 (3, 6, 7, 4, 9, 8, 5, 2, 0, 1)
350 (3, 6, 7, 5, 9, 8, 4, 0, 2, 1)
351 (3, 6, 7, 5, 9, 8, 4, 2, 0, 1)
352 (3, 6, 8, 4, 7, 9, 5, 0, 2, 1)
353 (3, 6, 8, 5, 7, 9, 4, 0, 2, 1)
354 (3, 6, 9, 4, 7, 8, 5, 0, 2, 1)
355 (3, 6, 9, 5, 7, 8, 4, 0, 2, 1)
356 (3, 7, 0, 1, 2, 8, 4, 9, 6, 5)
357 (3, 7, 0, 1, 2, 8, 5, 9, 6, 4)
358 (3, 7, 0, 1, 2, 9, 4, 8, 6, 5)
359 (3, 7, 0, 1, 2, 9, 5, 8, 6, 4)
360 (3, 7, 0, 6, 2, 8, 4, 9, 1, 5)
361 (3, 7, 0, 6, 2, 8, 5, 9, 1, 4)
362 (3, 7, 0, 6, 2, 9, 4, 8, 1, 5)
363 (3, 7, 0, 6, 2, 9, 5, 8, 1, 4)
364 (3, 7, 0, 6, 9, 8, 4, 5, 2, 1)
365 (3, 7, 0, 6, 9, 8, 5, 4, 2, 1)
366 (3, 7, 0, 9, 1, 8, 4, 5, 2, 6)
367 (3, 7, 0, 9, 1, 8, 5, 4, 2, 6)
368 (3, 7, 1, 4, 9, 8, 5, 2, 0, 6)
369 (3, 7, 1, 5, 9, 8, 4, 2, 0, 6)
370 (3, 7, 6, 4, 9, 8, 5, 0, 2, 1)
371 (3, 7, 6, 4, 9, 8, 5, 2, 0, 1)
372 (3, 7, 6, 5, 9, 8, 4, 0, 2, 1)
373 (3, 7, 6, 5, 9, 8, 4, 2, 0, 1)
374 (3, 7, 8, 4, 6, 9, 5, 0, 2, 1)
375 (3, 7, 8, 5, 6, 9, 4, 0, 2, 1)
376 (3, 7, 8, 6, 1, 9, 4, 5, 0, 2)
377 (3, 7, 8, 6, 1, 9, 5, 4, 0, 2)
378 (3, 7, 9, 4, 6, 8, 5, 0, 2, 1)
379 (3, 7, 9, 5, 6, 8, 4, 0, 2, 1)
380 (3, 7, 9, 6, 1, 8, 4, 5, 0, 2)
381 (3, 7, 9, 6, 1, 8, 5, 4, 0, 2)
382 (3, 7, 9, 8, 2, 0, 4, 5, 6, 1)
383 (3, 7, 9, 8, 2, 0, 5, 4, 6, 1)
384 (3, 8, 0, 6, 1, 9, 4, 5, 2, 7)
385 (3, 8, 0, 6, 1, 9, 5, 4, 2, 7)
386 (3, 8, 0, 6, 2, 1, 4, 9, 7, 5)
387 (3, 8, 0, 6, 2, 1, 5, 9, 7, 4)
388 (3, 8, 0, 6, 2, 9, 4, 1, 7, 5)
389 (3, 8, 0, 6, 2, 9, 5, 1, 7, 4)
390 (3, 8, 0, 6, 7, 9, 4, 5, 2, 1)
391 (3, 8, 0, 6, 7, 9, 5, 4, 2, 1)
392 (3, 8, 0, 7, 2, 1, 4, 9, 6, 5)
393 (3, 8, 0, 7, 2, 1, 5, 9, 6, 4)
394 (3, 8, 0, 7, 2, 9, 4, 1, 6, 5)
395 (3, 8, 0, 7, 2, 9, 5, 1, 6, 4)
396 (3, 8, 0, 9, 7, 1, 4, 5, 2, 6)
397 (3, 8, 0, 9, 7, 1, 5, 4, 2, 6)
398 (3, 8, 6, 4, 1, 9, 5, 2, 0, 7)
399 (3, 8, 6, 5, 1, 9, 4, 2, 0, 7)
400 (3, 8, 7, 4, 1, 9, 5, 2, 0, 6)
401 (3, 8, 7, 5, 1, 9, 4, 2, 0, 6)
402 (3, 8, 9, 4, 6, 1, 5, 0, 2, 7)
403 (3, 8, 9, 4, 6, 1, 5, 2, 0, 7)
404 (3, 8, 9, 4, 7, 1, 5, 0, 2, 6)
405 (3, 8, 9, 4, 7, 1, 5, 2, 0, 6)
406 (3, 8, 9, 5, 6, 1, 4, 0, 2, 7)
407 (3, 8, 9, 5, 6, 1, 4, 2, 0, 7)
408 (3, 8, 9, 5, 7, 1, 4, 0, 2, 6)
409 (3, 8, 9, 5, 7, 1, 4, 2, 0, 6)
410 (3, 9, 0, 1, 7, 8, 4, 5, 2, 6)
411 (3, 9, 0, 1, 7, 8, 5, 4, 2, 6)
412 (3, 9, 0, 6, 1, 8, 4, 5, 2, 7)
413 (3, 9, 0, 6, 1, 8, 5, 4, 2, 7)
414 (3, 9, 0, 6, 2, 1, 4, 8, 7, 5)
415 (3, 9, 0, 6, 2, 1, 5, 8, 7, 4)
416 (3, 9, 0, 6, 2, 8, 4, 1, 7, 5)
417 (3, 9, 0, 6, 2, 8, 5, 1, 7, 4)
418 (3, 9, 0, 7, 2, 1, 4, 8, 6, 5)
419 (3, 9, 0, 7, 2, 1, 5, 8, 6, 4)
420 (3, 9, 0, 7, 2, 8, 4, 1, 6, 5)
421 (3, 9, 0, 7, 2, 8, 5, 1, 6, 4)
422 (3, 9, 6, 4, 1, 8, 5, 2, 0, 7)
423 (3, 9, 6, 5, 1, 8, 4, 2, 0, 7)
424 (3, 9, 7, 4, 1, 8, 5, 2, 0, 6)
425 (3, 9, 7, 5, 1, 8, 4, 2, 0, 6)
426 (3, 9, 8, 4, 6, 1, 5, 0, 2, 7)
427 (3, 9, 8, 4, 6, 1, 5, 2, 0, 7)
428 (3, 9, 8, 4, 7, 1, 5, 0, 2, 6)
429 (3, 9, 8, 4, 7, 1, 5, 2, 0, 6)
430 (3, 9, 8, 5, 6, 1, 4, 0, 2, 7)
431 (3, 9, 8, 5, 6, 1, 4, 2, 0, 7)
432 (3, 9, 8, 5, 7, 1, 4, 0, 2, 6)
433 (3, 9, 8, 5, 7, 1, 4, 2, 0, 6)
434 (4, 0, 6, 1, 9, 8, 5, 2, 3, 7)
435 (4, 0, 6, 1, 9, 8, 5, 3, 2, 7)
436 (4, 0, 7, 1, 9, 8, 5, 2, 3, 6)
437 (4, 0, 7, 1, 9, 8, 5, 3, 2, 6)
438 (4, 0, 9, 6, 7, 8, 5, 1, 2, 3)
439 (4, 0, 9, 6, 7, 8, 5, 1, 3, 2)
440 (4, 0, 9, 7, 6, 8, 5, 1, 2, 3)
441 (4, 0, 9, 7, 6, 8, 5, 1, 3, 2)
442 (4, 0, 9, 8, 2, 3, 1, 5, 6, 7)
443 (4, 0, 9, 8, 3, 2, 1, 5, 6, 7)
444 (4, 2, 8, 6, 7, 9, 0, 5, 3, 1)
445 (4, 2, 8, 7, 6, 9, 0, 5, 3, 1)
446 (4, 2, 9, 6, 7, 8, 0, 5, 3, 1)
447 (4, 2, 9, 7, 6, 8, 0, 5, 3, 1)
448 (4, 2, 9, 8, 1, 3, 0, 5, 6, 7)
449 (4, 3, 1, 6, 2, 8, 0, 9, 7, 5)
450 (4, 3, 1, 6, 2, 8, 5, 9, 7, 0)
451 (4, 3, 1, 6, 2, 9, 0, 8, 7, 5)
452 (4, 3, 1, 6, 2, 9, 5, 8, 7, 0)
453 (4, 3, 1, 6, 8, 0, 5, 9, 7, 2)
454 (4, 3, 1, 6, 9, 0, 5, 8, 7, 2)
455 (4, 3, 1, 6, 9, 8, 5, 0, 2, 7)
456 (4, 3, 1, 7, 2, 8, 0, 9, 6, 5)
457 (4, 3, 1, 7, 2, 8, 5, 9, 6, 0)
458 (4, 3, 1, 7, 2, 9, 0, 8, 6, 5)
459 (4, 3, 1, 7, 2, 9, 5, 8, 6, 0)
460 (4, 3, 1, 7, 8, 0, 5, 9, 6, 2)
461 (4, 3, 1, 7, 9, 0, 5, 8, 6, 2)
462 (4, 3, 1, 7, 9, 8, 5, 0, 2, 6)
463 (4, 3, 1, 9, 6, 8, 5, 0, 2, 7)
464 (4, 3, 1, 9, 7, 8, 5, 0, 2, 6)
465 (4, 3, 8, 6, 7, 9, 0, 5, 2, 1)
466 (4, 3, 8, 7, 6, 9, 0, 5, 2, 1)
467 (4, 3, 9, 6, 7, 8, 0, 5, 2, 1)
468 (4, 3, 9, 7, 6, 8, 0, 5, 2, 1)
469 (4, 3, 9, 8, 1, 2, 0, 5, 6, 7)
470 (4, 5, 6, 1, 9, 8, 0, 2, 3, 7)
471 (4, 5, 6, 1, 9, 8, 0, 3, 2, 7)
472 (4, 5, 7, 1, 9, 8, 0, 2, 3, 6)
473 (4, 5, 7, 1, 9, 8, 0, 3, 2, 6)
474 (4, 5, 8, 0, 6, 9, 1, 2, 3, 7)
475 (4, 5, 8, 0, 6, 9, 1, 3, 2, 7)
476 (4, 5, 8, 0, 7, 9, 1, 2, 3, 6)
477 (4, 5, 8, 0, 7, 9, 1, 3, 2, 6)
478 (4, 5, 9, 0, 6, 8, 1, 2, 3, 7)
479 (4, 5, 9, 0, 6, 8, 1, 3, 2, 7)
480 (4, 5, 9, 0, 7, 8, 1, 2, 3, 6)
481 (4, 5, 9, 0, 7, 8, 1, 3, 2, 6)
482 (4, 5, 9, 6, 7, 8, 1, 0, 2, 3)
483 (4, 5, 9, 6, 7, 8, 1, 0, 3, 2)
484 (4, 5, 9, 7, 6, 8, 1, 0, 2, 3)
485 (4, 5, 9, 7, 6, 8, 1, 0, 3, 2)
486 (4, 6, 1, 0, 9, 8, 5, 2, 3, 7)
487 (4, 6, 1, 0, 9, 8, 5, 3, 2, 7)
488 (4, 6, 1, 5, 9, 8, 0, 2, 3, 7)
489 (4, 6, 1, 5, 9, 8, 0, 3, 2, 7)
490 (4, 6, 1, 8, 7, 9, 0, 2, 3, 5)
491 (4, 6, 1, 8, 7, 9, 0, 3, 2, 5)
492 (4, 6, 1, 8, 7, 9, 5, 2, 3, 0)
493 (4, 6, 1, 8, 7, 9, 5, 3, 2, 0)
494 (4, 6, 1, 9, 7, 8, 0, 2, 3, 5)
495 (4, 6, 1, 9, 7, 8, 0, 3, 2, 5)
496 (4, 6, 1, 9, 7, 8, 5, 2, 3, 0)
497 (4, 6, 1, 9, 7, 8, 5, 3, 2, 0)
498 (4, 6, 7, 0, 9, 8, 5, 2, 3, 1)
499 (4, 6, 7, 0, 9, 8, 5, 3, 2, 1)
500 (4, 6, 7, 5, 9, 8, 0, 2, 3, 1)
501 (4, 6, 7, 5, 9, 8, 0, 3, 2, 1)
502 (4, 6, 9, 1, 7, 8, 0, 5, 2, 3)
503 (4, 6, 9, 1, 7, 8, 0, 5, 3, 2)
504 (4, 6, 9, 7, 1, 8, 0, 5, 2, 3)
505 (4, 6, 9, 7, 1, 8, 0, 5, 3, 2)
506 (4, 7, 1, 0, 9, 8, 5, 2, 3, 6)
507 (4, 7, 1, 0, 9, 8, 5, 3, 2, 6)
508 (4, 7, 1, 5, 9, 8, 0, 2, 3, 6)
509 (4, 7, 1, 5, 9, 8, 0, 3, 2, 6)
510 (4, 7, 1, 8, 6, 9, 0, 2, 3, 5)
511 (4, 7, 1, 8, 6, 9, 0, 3, 2, 5)
512 (4, 7, 1, 8, 6, 9, 5, 2, 3, 0)
513 (4, 7, 1, 8, 6, 9, 5, 3, 2, 0)
514 (4, 7, 1, 9, 6, 8, 0, 2, 3, 5)
515 (4, 7, 1, 9, 6, 8, 0, 3, 2, 5)
516 (4, 7, 1, 9, 6, 8, 5, 2, 3, 0)
517 (4, 7, 1, 9, 6, 8, 5, 3, 2, 0)
518 (4, 7, 6, 0, 9, 8, 5, 2, 3, 1)
519 (4, 7, 6, 0, 9, 8, 5, 3, 2, 1)
520 (4, 7, 6, 5, 9, 8, 0, 2, 3, 1)
521 (4, 7, 6, 5, 9, 8, 0, 3, 2, 1)
522 (4, 7, 9, 1, 6, 8, 0, 5, 2, 3)
523 (4, 7, 9, 1, 6, 8, 0, 5, 3, 2)
524 (4, 7, 9, 6, 1, 8, 0, 5, 2, 3)
525 (4, 7, 9, 6, 1, 8, 0, 5, 3, 2)
526 (4, 8, 6, 5, 9, 1, 0, 2, 3, 7)
527 (4, 8, 6, 5, 9, 1, 0, 3, 2, 7)
528 (4, 8, 7, 5, 9, 1, 0, 2, 3, 6)
529 (4, 8, 7, 5, 9, 1, 0, 3, 2, 6)
530 (4, 8, 9, 6, 7, 1, 0, 5, 2, 3)
531 (4, 8, 9, 6, 7, 1, 0, 5, 3, 2)
532 (4, 8, 9, 7, 6, 1, 0, 5, 2, 3)
533 (4, 8, 9, 7, 6, 1, 0, 5, 3, 2)
534 (4, 9, 6, 5, 8, 1, 0, 2, 3, 7)
535 (4, 9, 6, 5, 8, 1, 0, 3, 2, 7)
536 (4, 9, 7, 5, 8, 1, 0, 2, 3, 6)
537 (4, 9, 7, 5, 8, 1, 0, 3, 2, 6)
538 (5, 0, 6, 1, 9, 8, 4, 2, 3, 7)
539 (5, 0, 6, 1, 9, 8, 4, 3, 2, 7)
540 (5, 0, 7, 1, 9, 8, 4, 2, 3, 6)
541 (5, 0, 7, 1, 9, 8, 4, 3, 2, 6)
542 (5, 0, 9, 6, 7, 8, 4, 1, 2, 3)
543 (5, 0, 9, 6, 7, 8, 4, 1, 3, 2)
544 (5, 0, 9, 7, 6, 8, 4, 1, 2, 3)
545 (5, 0, 9, 7, 6, 8, 4, 1, 3, 2)
546 (5, 2, 8, 6, 7, 9, 0, 4, 3, 1)
547 (5, 2, 8, 7, 6, 9, 0, 4, 3, 1)
548 (5, 2, 9, 6, 7, 8, 0, 4, 3, 1)
549 (5, 2, 9, 7, 6, 8, 0, 4, 3, 1)
550 (5, 2, 9, 8, 1, 3, 0, 4, 6, 7)
551 (5, 3, 1, 6, 2, 8, 0, 9, 7, 4)
552 (5, 3, 1, 6, 2, 8, 4, 9, 7, 0)
553 (5, 3, 1, 6, 2, 9, 0, 8, 7, 4)
554 (5, 3, 1, 6, 2, 9, 4, 8, 7, 0)
555 (5, 3, 1, 6, 9, 8, 4, 0, 2, 7)
556 (5, 3, 1, 7, 2, 8, 0, 9, 6, 4)
557 (5, 3, 1, 7, 2, 8, 4, 9, 6, 0)
558 (5, 3, 1, 7, 2, 9, 0, 8, 6, 4)
559 (5, 3, 1, 7, 2, 9, 4, 8, 6, 0)
560 (5, 3, 1, 7, 9, 8, 4, 0, 2, 6)
561 (5, 3, 1, 9, 6, 8, 4, 0, 2, 7)
562 (5, 3, 1, 9, 7, 8, 4, 0, 2, 6)
563 (5, 3, 8, 6, 7, 9, 0, 4, 2, 1)
564 (5, 3, 8, 7, 6, 9, 0, 4, 2, 1)
565 (5, 3, 9, 6, 7, 8, 0, 4, 2, 1)
566 (5, 3, 9, 7, 6, 8, 0, 4, 2, 1)
567 (5, 3, 9, 8, 1, 2, 0, 4, 6, 7)
568 (5, 4, 6, 1, 9, 8, 0, 2, 3, 7)
569 (5, 4, 6, 1, 9, 8, 0, 3, 2, 7)
570 (5, 4, 7, 1, 9, 8, 0, 2, 3, 6)
571 (5, 4, 7, 1, 9, 8, 0, 3, 2, 6)
572 (5, 4, 8, 0, 6, 9, 1, 2, 3, 7)
573 (5, 4, 8, 0, 6, 9, 1, 3, 2, 7)
574 (5, 4, 8, 0, 7, 9, 1, 2, 3, 6)
575 (5, 4, 8, 0, 7, 9, 1, 3, 2, 6)
576 (5, 4, 9, 0, 6, 8, 1, 2, 3, 7)
577 (5, 4, 9, 0, 6, 8, 1, 3, 2, 7)
578 (5, 4, 9, 0, 7, 8, 1, 2, 3, 6)
579 (5, 4, 9, 0, 7, 8, 1, 3, 2, 6)
580 (5, 4, 9, 6, 7, 8, 1, 0, 2, 3)
581 (5, 4, 9, 6, 7, 8, 1, 0, 3, 2)
582 (5, 4, 9, 7, 6, 8, 1, 0, 2, 3)
583 (5, 4, 9, 7, 6, 8, 1, 0, 3, 2)
584 (5, 6, 1, 0, 9, 8, 4, 2, 3, 7)
585 (5, 6, 1, 0, 9, 8, 4, 3, 2, 7)
586 (5, 6, 1, 4, 9, 8, 0, 2, 3, 7)
587 (5, 6, 1, 4, 9, 8, 0, 3, 2, 7)
588 (5, 6, 1, 8, 7, 9, 0, 2, 3, 4)
589 (5, 6, 1, 8, 7, 9, 0, 3, 2, 4)
590 (5, 6, 1, 8, 7, 9, 4, 2, 3, 0)
591 (5, 6, 1, 8, 7, 9, 4, 3, 2, 0)
592 (5, 6, 1, 9, 7, 8, 0, 2, 3, 4)
593 (5, 6, 1, 9, 7, 8, 0, 3, 2, 4)
594 (5, 6, 1, 9, 7, 8, 4, 2, 3, 0)
595 (5, 6, 1, 9, 7, 8, 4, 3, 2, 0)
596 (5, 6, 7, 0, 9, 8, 4, 2, 3, 1)
597 (5, 6, 7, 0, 9, 8, 4, 3, 2, 1)
598 (5, 6, 7, 4, 9, 8, 0, 2, 3, 1)
599 (5, 6, 7, 4, 9, 8, 0, 3, 2, 1)
600 (5, 6, 9, 1, 7, 8, 0, 4, 2, 3)
601 (5, 6, 9, 1, 7, 8, 0, 4, 3, 2)
602 (5, 6, 9, 7, 1, 8, 0, 4, 2, 3)
603 (5, 6, 9, 7, 1, 8, 0, 4, 3, 2)
604 (5, 6, 9, 8, 2, 3, 4, 0, 1, 7)
605 (5, 6, 9, 8, 3, 2, 4, 0, 1, 7)
606 (5, 7, 1, 0, 9, 8, 4, 2, 3, 6)
607 (5, 7, 1, 0, 9, 8, 4, 3, 2, 6)
608 (5, 7, 1, 4, 9, 8, 0, 2, 3, 6)
609 (5, 7, 1, 4, 9, 8, 0, 3, 2, 6)
610 (5, 7, 1, 8, 6, 9, 0, 2, 3, 4)
611 (5, 7, 1, 8, 6, 9, 0, 3, 2, 4)
612 (5, 7, 1, 8, 6, 9, 4, 2, 3, 0)
613 (5, 7, 1, 8, 6, 9, 4, 3, 2, 0)
614 (5, 7, 1, 9, 6, 8, 0, 2, 3, 4)
615 (5, 7, 1, 9, 6, 8, 0, 3, 2, 4)
616 (5, 7, 1, 9, 6, 8, 4, 2, 3, 0)
617 (5, 7, 1, 9, 6, 8, 4, 3, 2, 0)
618 (5, 7, 6, 0, 9, 8, 4, 2, 3, 1)
619 (5, 7, 6, 0, 9, 8, 4, 3, 2, 1)
620 (5, 7, 6, 4, 9, 8, 0, 2, 3, 1)
621 (5, 7, 6, 4, 9, 8, 0, 3, 2, 1)
622 (5, 7, 9, 1, 6, 8, 0, 4, 2, 3)
623 (5, 7, 9, 1, 6, 8, 0, 4, 3, 2)
624 (5, 7, 9, 6, 1, 8, 0, 4, 2, 3)
625 (5, 7, 9, 6, 1, 8, 0, 4, 3, 2)
626 (5, 7, 9, 8, 2, 3, 4, 0, 1, 6)
627 (5, 7, 9, 8, 3, 2, 4, 0, 1, 6)
628 (5, 8, 6, 4, 9, 1, 0, 2, 3, 7)
629 (5, 8, 6, 4, 9, 1, 0, 3, 2, 7)
630 (5, 8, 7, 4, 9, 1, 0, 2, 3, 6)
631 (5, 8, 7, 4, 9, 1, 0, 3, 2, 6)
632 (5, 8, 9, 6, 7, 1, 0, 4, 2, 3)
633 (5, 8, 9, 6, 7, 1, 0, 4, 3, 2)
634 (5, 8, 9, 7, 6, 1, 0, 4, 2, 3)
635 (5, 8, 9, 7, 6, 1, 0, 4, 3, 2)
636 (5, 9, 6, 4, 8, 1, 0, 2, 3, 7)
637 (5, 9, 6, 4, 8, 1, 0, 3, 2, 7)
638 (5, 9, 7, 4, 8, 1, 0, 2, 3, 6)
639 (5, 9, 7, 4, 8, 1, 0, 3, 2, 6)
640 (6, 0, 9, 1, 7, 8, 4, 5, 2, 3)
641 (6, 0, 9, 1, 7, 8, 4, 5, 3, 2)
642 (6, 0, 9, 1, 7, 8, 5, 4, 2, 3)
643 (6, 0, 9, 1, 7, 8, 5, 4, 3, 2)
644 (6, 2, 0, 4, 9, 8, 5, 1, 3, 7)
645 (6, 2, 0, 5, 9, 8, 4, 1, 3, 7)
646 (6, 2, 0, 8, 7, 9, 4, 1, 3, 5)
647 (6, 2, 0, 8, 7, 9, 5, 1, 3, 4)
648 (6, 2, 0, 9, 7, 8, 4, 1, 3, 5)
649 (6, 2, 0, 9, 7, 8, 5, 1, 3, 4)
650 (6, 2, 8, 0, 7, 9, 4, 5, 1, 3)
651 (6, 2, 8, 0, 7, 9, 5, 4, 1, 3)
652 (6, 2, 9, 0, 7, 8, 4, 5, 1, 3)
653 (6, 2, 9, 0, 7, 8, 5, 4, 1, 3)
654 (6, 3, 0, 4, 9, 8, 5, 1, 2, 7)
655 (6, 3, 0, 5, 9, 8, 4, 1, 2, 7)
656 (6, 3, 0, 8, 7, 9, 4, 1, 2, 5)
657 (6, 3, 0, 8, 7, 9, 5, 1, 2, 4)
658 (6, 3, 0, 9, 7, 8, 4, 1, 2, 5)
659 (6, 3, 0, 9, 7, 8, 5, 1, 2, 4)
660 (6, 3, 1, 0, 2, 8, 4, 9, 7, 5)
661 (6, 3, 1, 0, 2, 8, 5, 9, 7, 4)
662 (6, 3, 1, 0, 2, 9, 4, 8, 7, 5)
663 (6, 3, 1, 0, 2, 9, 5, 8, 7, 4)
664 (6, 3, 1, 0, 9, 8, 4, 5, 2, 7)
665 (6, 3, 1, 0, 9, 8, 5, 4, 2, 7)
666 (6, 3, 1, 7, 2, 8, 4, 9, 0, 5)
667 (6, 3, 1, 7, 2, 8, 5, 9, 0, 4)
668 (6, 3, 1, 7, 2, 9, 4, 8, 0, 5)
669 (6, 3, 1, 7, 2, 9, 5, 8, 0, 4)
670 (6, 3, 1, 9, 7, 8, 4, 5, 2, 0)
671 (6, 3, 1, 9, 7, 8, 5, 4, 2, 0)
672 (6, 3, 8, 0, 7, 9, 4, 5, 1, 2)
673 (6, 3, 8, 0, 7, 9, 5, 4, 1, 2)
674 (6, 3, 9, 0, 7, 8, 4, 5, 1, 2)
675 (6, 3, 9, 0, 7, 8, 5, 4, 1, 2)
676 (6, 4, 0, 8, 7, 9, 1, 2, 3, 5)
677 (6, 4, 0, 8, 7, 9, 1, 3, 2, 5)
678 (6, 4, 0, 9, 7, 8, 1, 2, 3, 5)
679 (6, 4, 0, 9, 7, 8, 1, 3, 2, 5)
680 (6, 4, 7, 1, 9, 8, 5, 2, 3, 0)
681 (6, 4, 7, 1, 9, 8, 5, 3, 2, 0)
682 (6, 4, 9, 0, 7, 8, 1, 5, 2, 3)
683 (6, 4, 9, 0, 7, 8, 1, 5, 3, 2)
684 (6, 4, 9, 7, 0, 8, 1, 5, 2, 3)
685 (6, 4, 9, 7, 0, 8, 1, 5, 3, 2)
686 (6, 5, 0, 8, 7, 9, 1, 2, 3, 4)
687 (6, 5, 0, 8, 7, 9, 1, 3, 2, 4)
688 (6, 5, 0, 9, 7, 8, 1, 2, 3, 4)
689 (6, 5, 0, 9, 7, 8, 1, 3, 2, 4)
690 (6, 5, 7, 1, 9, 8, 4, 2, 3, 0)
691 (6, 5, 7, 1, 9, 8, 4, 3, 2, 0)
692 (6, 5, 9, 0, 7, 8, 1, 4, 2, 3)
693 (6, 5, 9, 0, 7, 8, 1, 4, 3, 2)
694 (6, 5, 9, 7, 0, 8, 1, 4, 2, 3)
695 (6, 5, 9, 7, 0, 8, 1, 4, 3, 2)
696 (6, 7, 0, 4, 9, 8, 5, 2, 3, 1)
697 (6, 7, 0, 4, 9, 8, 5, 3, 2, 1)
698 (6, 7, 0, 5, 9, 8, 4, 2, 3, 1)
699 (6, 7, 0, 5, 9, 8, 4, 3, 2, 1)
700 (6, 7, 9, 0, 1, 8, 4, 5, 2, 3)
701 (6, 7, 9, 0, 1, 8, 4, 5, 3, 2)
702 (6, 7, 9, 0, 1, 8, 5, 4, 2, 3)
703 (6, 7, 9, 0, 1, 8, 5, 4, 3, 2)
704 (6, 8, 0, 4, 1, 9, 5, 2, 3, 7)
705 (6, 8, 0, 4, 1, 9, 5, 3, 2, 7)
706 (6, 8, 0, 5, 1, 9, 4, 2, 3, 7)
707 (6, 8, 0, 5, 1, 9, 4, 3, 2, 7)
708 (6, 8, 1, 4, 0, 9, 5, 2, 3, 7)
709 (6, 8, 1, 4, 0, 9, 5, 3, 2, 7)
710 (6, 8, 1, 5, 0, 9, 4, 2, 3, 7)
711 (6, 8, 1, 5, 0, 9, 4, 3, 2, 7)
712 (6, 8, 7, 1, 0, 9, 4, 2, 3, 5)
713 (6, 8, 7, 1, 0, 9, 4, 3, 2, 5)
714 (6, 8, 7, 1, 0, 9, 5, 2, 3, 4)
715 (6, 8, 7, 1, 0, 9, 5, 3, 2, 4)
716 (6, 8, 9, 0, 7, 1, 4, 5, 2, 3)
717 (6, 8, 9, 0, 7, 1, 4, 5, 3, 2)
718 (6, 8, 9, 0, 7, 1, 5, 4, 2, 3)
719 (6, 8, 9, 0, 7, 1, 5, 4, 3, 2)
720 (6, 9, 0, 4, 1, 8, 5, 2, 3, 7)
721 (6, 9, 0, 4, 1, 8, 5, 3, 2, 7)
722 (6, 9, 0, 5, 1, 8, 4, 2, 3, 7)
723 (6, 9, 0, 5, 1, 8, 4, 3, 2, 7)
724 (6, 9, 1, 4, 0, 8, 5, 2, 3, 7)
725 (6, 9, 1, 4, 0, 8, 5, 3, 2, 7)
726 (6, 9, 1, 5, 0, 8, 4, 2, 3, 7)
727 (6, 9, 1, 5, 0, 8, 4, 3, 2, 7)
728 (6, 9, 7, 1, 0, 8, 4, 2, 3, 5)
729 (6, 9, 7, 1, 0, 8, 4, 3, 2, 5)
730 (6, 9, 7, 1, 0, 8, 5, 2, 3, 4)
731 (6, 9, 7, 1, 0, 8, 5, 3, 2, 4)
732 (7, 0, 9, 6, 1, 8, 4, 5, 2, 3)
733 (7, 0, 9, 6, 1, 8, 4, 5, 3, 2)
734 (7, 0, 9, 6, 1, 8, 5, 4, 2, 3)
735 (7, 0, 9, 6, 1, 8, 5, 4, 3, 2)
736 (7, 2, 0, 4, 9, 8, 5, 1, 3, 6)
737 (7, 2, 0, 5, 9, 8, 4, 1, 3, 6)
738 (7, 2, 0, 8, 6, 9, 4, 1, 3, 5)
739 (7, 2, 0, 8, 6, 9, 5, 1, 3, 4)
740 (7, 2, 0, 9, 6, 8, 4, 1, 3, 5)
741 (7, 2, 0, 9, 6, 8, 5, 1, 3, 4)
742 (7, 2, 8, 6, 0, 9, 4, 5, 1, 3)
743 (7, 2, 8, 6, 0, 9, 5, 4, 1, 3)
744 (7, 2, 9, 6, 0, 8, 4, 5, 1, 3)
745 (7, 2, 9, 6, 0, 8, 5, 4, 1, 3)
746 (7, 3, 0, 4, 9, 8, 5, 1, 2, 6)
747 (7, 3, 0, 5, 9, 8, 4, 1, 2, 6)
748 (7, 3, 0, 8, 6, 9, 4, 1, 2, 5)
749 (7, 3, 0, 8, 6, 9, 5, 1, 2, 4)
750 (7, 3, 0, 9, 6, 8, 4, 1, 2, 5)
751 (7, 3, 0, 9, 6, 8, 5, 1, 2, 4)
752 (7, 3, 1, 0, 2, 8, 4, 9, 6, 5)
753 (7, 3, 1, 0, 2, 8, 5, 9, 6, 4)
754 (7, 3, 1, 0, 2, 9, 4, 8, 6, 5)
755 (7, 3, 1, 0, 2, 9, 5, 8, 6, 4)
756 (7, 3, 1, 6, 2, 8, 4, 9, 0, 5)
757 (7, 3, 1, 6, 2, 8, 5, 9, 0, 4)
758 (7, 3, 1, 6, 2, 9, 4, 8, 0, 5)
759 (7, 3, 1, 6, 2, 9, 5, 8, 0, 4)
760 (7, 3, 1, 6, 9, 8, 4, 5, 2, 0)
761 (7, 3, 1, 6, 9, 8, 5, 4, 2, 0)
762 (7, 3, 1, 9, 0, 8, 4, 5, 2, 6)
763 (7, 3, 1, 9, 0, 8, 5, 4, 2, 6)
764 (7, 3, 8, 6, 0, 9, 4, 5, 1, 2)
765 (7, 3, 8, 6, 0, 9, 5, 4, 1, 2)
766 (7, 3, 9, 6, 0, 8, 4, 5, 1, 2)
767 (7, 3, 9, 6, 0, 8, 5, 4, 1, 2)
768 (7, 4, 0, 8, 6, 9, 1, 2, 3, 5)
769 (7, 4, 0, 8, 6, 9, 1, 3, 2, 5)
770 (7, 4, 0, 9, 6, 8, 1, 2, 3, 5)
771 (7, 4, 0, 9, 6, 8, 1, 3, 2, 5)
772 (7, 4, 6, 1, 9, 8, 5, 2, 3, 0)
773 (7, 4, 6, 1, 9, 8, 5, 3, 2, 0)
774 (7, 4, 9, 0, 6, 8, 1, 5, 2, 3)
775 (7, 4, 9, 0, 6, 8, 1, 5, 3, 2)
776 (7, 4, 9, 6, 0, 8, 1, 5, 2, 3)
777 (7, 4, 9, 6, 0, 8, 1, 5, 3, 2)
778 (7, 5, 0, 8, 6, 9, 1, 2, 3, 4)
779 (7, 5, 0, 8, 6, 9, 1, 3, 2, 4)
780 (7, 5, 0, 9, 6, 8, 1, 2, 3, 4)
781 (7, 5, 0, 9, 6, 8, 1, 3, 2, 4)
782 (7, 5, 6, 1, 9, 8, 4, 2, 3, 0)
783 (7, 5, 6, 1, 9, 8, 4, 3, 2, 0)
784 (7, 5, 9, 0, 6, 8, 1, 4, 2, 3)
785 (7, 5, 9, 0, 6, 8, 1, 4, 3, 2)
786 (7, 5, 9, 6, 0, 8, 1, 4, 2, 3)
787 (7, 5, 9, 6, 0, 8, 1, 4, 3, 2)
788 (7, 6, 0, 4, 9, 8, 5, 2, 3, 1)
789 (7, 6, 0, 4, 9, 8, 5, 3, 2, 1)
790 (7, 6, 0, 5, 9, 8, 4, 2, 3, 1)
791 (7, 6, 0, 5, 9, 8, 4, 3, 2, 1)
792 (7, 8, 0, 4, 1, 9, 5, 2, 3, 6)
793 (7, 8, 0, 4, 1, 9, 5, 3, 2, 6)
794 (7, 8, 0, 5, 1, 9, 4, 2, 3, 6)
795 (7, 8, 0, 5, 1, 9, 4, 3, 2, 6)
796 (7, 8, 1, 4, 0, 9, 5, 2, 3, 6)
797 (7, 8, 1, 4, 0, 9, 5, 3, 2, 6)
798 (7, 8, 1, 5, 0, 9, 4, 2, 3, 6)
799 (7, 8, 1, 5, 0, 9, 4, 3, 2, 6)
800 (7, 8, 6, 1, 0, 9, 4, 2, 3, 5)
801 (7, 8, 6, 1, 0, 9, 4, 3, 2, 5)
802 (7, 8, 6, 1, 0, 9, 5, 2, 3, 4)
803 (7, 8, 6, 1, 0, 9, 5, 3, 2, 4)
804 (7, 9, 0, 4, 1, 8, 5, 2, 3, 6)
805 (7, 9, 0, 4, 1, 8, 5, 3, 2, 6)
806 (7, 9, 0, 5, 1, 8, 4, 2, 3, 6)
807 (7, 9, 0, 5, 1, 8, 4, 3, 2, 6)
808 (7, 9, 1, 4, 0, 8, 5, 2, 3, 6)
809 (7, 9, 1, 4, 0, 8, 5, 3, 2, 6)
810 (7, 9, 1, 5, 0, 8, 4, 2, 3, 6)
811 (7, 9, 1, 5, 0, 8, 4, 3, 2, 6)
812 (7, 9, 6, 1, 0, 8, 4, 2, 3, 5)
813 (7, 9, 6, 1, 0, 8, 4, 3, 2, 5)
814 (7, 9, 6, 1, 0, 8, 5, 2, 3, 4)
815 (7, 9, 6, 1, 0, 8, 5, 3, 2, 4)
816 (8, 0, 6, 1, 7, 9, 4, 2, 3, 5)
817 (8, 0, 6, 1, 7, 9, 4, 3, 2, 5)
818 (8, 0, 6, 1, 7, 9, 5, 2, 3, 4)
819 (8, 0, 6, 1, 7, 9, 5, 3, 2, 4)
820 (8, 0, 6, 4, 9, 1, 5, 2, 3, 7)
821 (8, 0, 6, 4, 9, 1, 5, 3, 2, 7)
822 (8, 0, 6, 5, 9, 1, 4, 2, 3, 7)
823 (8, 0, 6, 5, 9, 1, 4, 3, 2, 7)
824 (8, 0, 7, 1, 6, 9, 4, 2, 3, 5)
825 (8, 0, 7, 1, 6, 9, 4, 3, 2, 5)
826 (8, 0, 7, 1, 6, 9, 5, 2, 3, 4)
827 (8, 0, 7, 1, 6, 9, 5, 3, 2, 4)
828 (8, 0, 7, 4, 9, 1, 5, 2, 3, 6)
829 (8, 0, 7, 4, 9, 1, 5, 3, 2, 6)
830 (8, 0, 7, 5, 9, 1, 4, 2, 3, 6)
831 (8, 0, 7, 5, 9, 1, 4, 3, 2, 6)
832 (8, 0, 9, 4, 6, 1, 5, 2, 3, 7)
833 (8, 0, 9, 4, 6, 1, 5, 3, 2, 7)
834 (8, 0, 9, 4, 7, 1, 5, 2, 3, 6)
835 (8, 0, 9, 4, 7, 1, 5, 3, 2, 6)
836 (8, 0, 9, 5, 6, 1, 4, 2, 3, 7)
837 (8, 0, 9, 5, 6, 1, 4, 3, 2, 7)
838 (8, 0, 9, 5, 7, 1, 4, 2, 3, 6)
839 (8, 0, 9, 5, 7, 1, 4, 3, 2, 6)
840 (8, 2, 0, 4, 6, 9, 5, 3, 1, 7)
841 (8, 2, 0, 4, 7, 9, 5, 3, 1, 6)
842 (8, 2, 0, 5, 6, 9, 4, 3, 1, 7)
843 (8, 2, 0, 5, 7, 9, 4, 3, 1, 6)
844 (8, 2, 9, 4, 6, 0, 5, 3, 1, 7)
845 (8, 2, 9, 4, 7, 0, 5, 3, 1, 6)
846 (8, 2, 9, 5, 6, 0, 4, 3, 1, 7)
847 (8, 2, 9, 5, 7, 0, 4, 3, 1, 6)
848 (8, 3, 0, 4, 6, 9, 5, 2, 1, 7)
849 (8, 3, 0, 4, 7, 9, 5, 2, 1, 6)
850 (8, 3, 0, 5, 6, 9, 4, 2, 1, 7)
851 (8, 3, 0, 5, 7, 9, 4, 2, 1, 6)
852 (8, 3, 1, 6, 0, 9, 4, 5, 2, 7)
853 (8, 3, 1, 6, 0, 9, 5, 4, 2, 7)
854 (8, 3, 1, 6, 2, 0, 4, 9, 7, 5)
855 (8, 3, 1, 6, 2, 0, 5, 9, 7, 4)
856 (8, 3, 1, 6, 2, 9, 4, 0, 7, 5)
857 (8, 3, 1, 6, 2, 9, 5, 0, 7, 4)
858 (8, 3, 1, 6, 7, 9, 4, 5, 2, 0)
859 (8, 3, 1, 6, 7, 9, 5, 4, 2, 0)
860 (8, 3, 1, 6, 9, 7, 4, 2, 5, 0)
861 (8, 3, 1, 7, 2, 0, 4, 9, 6, 5)
862 (8, 3, 1, 7, 2, 0, 5, 9, 6, 4)
863 (8, 3, 1, 7, 2, 9, 4, 0, 6, 5)
864 (8, 3, 1, 7, 2, 9, 4, 5, 6, 0)
865 (8, 3, 1, 7, 2, 9, 5, 0, 6, 4)
866 (8, 3, 1, 7, 2, 9, 5, 4, 6, 0)
867 (8, 3, 1, 9, 7, 0, 4, 5, 2, 6)
868 (8, 3, 1, 9, 7, 0, 5, 4, 2, 6)
869 (8, 3, 9, 4, 6, 0, 5, 2, 1, 7)
870 (8, 3, 9, 4, 7, 0, 5, 2, 1, 6)
871 (8, 3, 9, 5, 6, 0, 4, 2, 1, 7)
872 (8, 3, 9, 5, 7, 0, 4, 2, 1, 6)
873 (8, 4, 0, 1, 6, 9, 5, 2, 3, 7)
874 (8, 4, 0, 1, 6, 9, 5, 3, 2, 7)
875 (8, 4, 0, 1, 7, 9, 5, 2, 3, 6)
876 (8, 4, 0, 1, 7, 9, 5, 3, 2, 6)
877 (8, 4, 6, 5, 9, 0, 1, 2, 3, 7)
878 (8, 4, 6, 5, 9, 0, 1, 3, 2, 7)
879 (8, 4, 7, 5, 9, 0, 1, 2, 3, 6)
880 (8, 4, 7, 5, 9, 0, 1, 3, 2, 6)
881 (8, 4, 9, 5, 6, 0, 1, 2, 3, 7)
882 (8, 4, 9, 5, 6, 0, 1, 3, 2, 7)
883 (8, 4, 9, 5, 7, 0, 1, 2, 3, 6)
884 (8, 4, 9, 5, 7, 0, 1, 3, 2, 6)
885 (8, 5, 0, 1, 6, 9, 4, 2, 3, 7)
886 (8, 5, 0, 1, 6, 9, 4, 3, 2, 7)
887 (8, 5, 0, 1, 7, 9, 4, 2, 3, 6)
888 (8, 5, 0, 1, 7, 9, 4, 3, 2, 6)
889 (8, 5, 6, 4, 9, 0, 1, 2, 3, 7)
890 (8, 5, 6, 4, 9, 0, 1, 3, 2, 7)
891 (8, 5, 7, 4, 9, 0, 1, 2, 3, 6)
892 (8, 5, 7, 4, 9, 0, 1, 3, 2, 6)
893 (8, 5, 9, 4, 6, 0, 1, 2, 3, 7)
894 (8, 5, 9, 4, 6, 0, 1, 3, 2, 7)
895 (8, 5, 9, 4, 7, 0, 1, 2, 3, 6)
896 (8, 5, 9, 4, 7, 0, 1, 3, 2, 6)
897 (8, 6, 0, 4, 1, 9, 5, 2, 3, 7)
898 (8, 6, 0, 4, 1, 9, 5, 3, 2, 7)
899 (8, 6, 0, 4, 7, 9, 5, 2, 3, 1)
900 (8, 6, 0, 4, 7, 9, 5, 3, 2, 1)
901 (8, 6, 0, 5, 1, 9, 4, 2, 3, 7)
902 (8, 6, 0, 5, 1, 9, 4, 3, 2, 7)
903 (8, 6, 0, 5, 7, 9, 4, 2, 3, 1)
904 (8, 6, 0, 5, 7, 9, 4, 3, 2, 1)
905 (8, 6, 1, 4, 0, 9, 5, 2, 3, 7)
906 (8, 6, 1, 4, 0, 9, 5, 3, 2, 7)
907 (8, 6, 1, 5, 0, 9, 4, 2, 3, 7)
908 (8, 6, 1, 5, 0, 9, 4, 3, 2, 7)
909 (8, 6, 7, 4, 0, 9, 5, 2, 3, 1)
910 (8, 6, 7, 4, 0, 9, 5, 3, 2, 1)
911 (8, 6, 7, 5, 0, 9, 4, 2, 3, 1)
912 (8, 6, 7, 5, 0, 9, 4, 3, 2, 1)
913 (8, 6, 9, 4, 7, 0, 5, 2, 3, 1)
914 (8, 6, 9, 4, 7, 0, 5, 3, 2, 1)
915 (8, 6, 9, 5, 7, 0, 4, 2, 3, 1)
916 (8, 6, 9, 5, 7, 0, 4, 3, 2, 1)
917 (8, 7, 0, 4, 1, 9, 5, 2, 3, 6)
918 (8, 7, 0, 4, 1, 9, 5, 3, 2, 6)
919 (8, 7, 0, 4, 6, 9, 5, 2, 3, 1)
920 (8, 7, 0, 4, 6, 9, 5, 3, 2, 1)
921 (8, 7, 0, 5, 1, 9, 4, 2, 3, 6)
922 (8, 7, 0, 5, 1, 9, 4, 3, 2, 6)
923 (8, 7, 0, 5, 6, 9, 4, 2, 3, 1)
924 (8, 7, 0, 5, 6, 9, 4, 3, 2, 1)
925 (8, 7, 1, 4, 0, 9, 5, 2, 3, 6)
926 (8, 7, 1, 4, 0, 9, 5, 3, 2, 6)
927 (8, 7, 1, 5, 0, 9, 4, 2, 3, 6)
928 (8, 7, 1, 5, 0, 9, 4, 3, 2, 6)
929 (8, 7, 6, 4, 0, 9, 5, 2, 3, 1)
930 (8, 7, 6, 4, 0, 9, 5, 3, 2, 1)
931 (8, 7, 6, 5, 0, 9, 4, 2, 3, 1)
932 (8, 7, 6, 5, 0, 9, 4, 3, 2, 1)
933 (8, 7, 9, 4, 6, 0, 5, 2, 3, 1)
934 (8, 7, 9, 4, 6, 0, 5, 3, 2, 1)
935 (8, 7, 9, 5, 6, 0, 4, 2, 3, 1)
936 (8, 7, 9, 5, 6, 0, 4, 3, 2, 1)
937 (8, 7, 9, 6, 1, 0, 4, 5, 2, 3)
938 (8, 7, 9, 6, 1, 0, 4, 5, 3, 2)
939 (8, 7, 9, 6, 1, 0, 5, 4, 2, 3)
940 (8, 7, 9, 6, 1, 0, 5, 4, 3, 2)
941 (8, 9, 6, 1, 7, 0, 4, 2, 3, 5)
942 (8, 9, 6, 1, 7, 0, 4, 3, 2, 5)
943 (8, 9, 6, 1, 7, 0, 5, 2, 3, 4)
944 (8, 9, 6, 1, 7, 0, 5, 3, 2, 4)
945 (8, 9, 6, 4, 1, 0, 5, 2, 3, 7)
946 (8, 9, 6, 4, 1, 0, 5, 3, 2, 7)
947 (8, 9, 6, 5, 1, 0, 4, 2, 3, 7)
948 (8, 9, 6, 5, 1, 0, 4, 3, 2, 7)
949 (8, 9, 7, 1, 6, 0, 4, 2, 3, 5)
950 (8, 9, 7, 1, 6, 0, 4, 3, 2, 5)
951 (8, 9, 7, 1, 6, 0, 5, 2, 3, 4)
952 (8, 9, 7, 1, 6, 0, 5, 3, 2, 4)
953 (8, 9, 7, 4, 1, 0, 5, 2, 3, 6)
954 (8, 9, 7, 4, 1, 0, 5, 3, 2, 6)
955 (8, 9, 7, 5, 1, 0, 4, 2, 3, 6)
956 (8, 9, 7, 5, 1, 0, 4, 3, 2, 6)
957 (9, 0, 6, 1, 7, 8, 4, 2, 3, 5)
958 (9, 0, 6, 1, 7, 8, 4, 3, 2, 5)
959 (9, 0, 6, 1, 7, 8, 5, 2, 3, 4)
960 (9, 0, 6, 1, 7, 8, 5, 3, 2, 4)
961 (9, 0, 7, 1, 6, 8, 4, 2, 3, 5)
962 (9, 0, 7, 1, 6, 8, 4, 3, 2, 5)
963 (9, 0, 7, 1, 6, 8, 5, 2, 3, 4)
964 (9, 0, 7, 1, 6, 8, 5, 3, 2, 4)
965 (9, 0, 8, 4, 6, 1, 5, 2, 3, 7)
966 (9, 0, 8, 4, 6, 1, 5, 3, 2, 7)
967 (9, 0, 8, 4, 7, 1, 5, 2, 3, 6)
968 (9, 0, 8, 4, 7, 1, 5, 3, 2, 6)
969 (9, 0, 8, 5, 6, 1, 4, 2, 3, 7)
970 (9, 0, 8, 5, 6, 1, 4, 3, 2, 7)
971 (9, 0, 8, 5, 7, 1, 4, 2, 3, 6)
972 (9, 0, 8, 5, 7, 1, 4, 3, 2, 6)
973 (9, 2, 0, 4, 6, 8, 5, 3, 1, 7)
974 (9, 2, 0, 4, 7, 8, 5, 3, 1, 6)
975 (9, 2, 0, 5, 6, 8, 4, 3, 1, 7)
976 (9, 2, 0, 5, 7, 8, 4, 3, 1, 6)
977 (9, 2, 8, 4, 6, 0, 5, 3, 1, 7)
978 (9, 2, 8, 4, 7, 0, 5, 3, 1, 6)
979 (9, 2, 8, 5, 6, 0, 4, 3, 1, 7)
980 (9, 2, 8, 5, 7, 0, 4, 3, 1, 6)
981 (9, 3, 0, 4, 6, 8, 5, 2, 1, 7)
982 (9, 3, 0, 4, 7, 8, 5, 2, 1, 6)
983 (9, 3, 0, 5, 6, 8, 4, 2, 1, 7)
984 (9, 3, 0, 5, 7, 8, 4, 2, 1, 6)
985 (9, 3, 1, 0, 7, 8, 4, 5, 2, 6)
986 (9, 3, 1, 0, 7, 8, 5, 4, 2, 6)
987 (9, 3, 1, 6, 0, 8, 4, 5, 2, 7)
988 (9, 3, 1, 6, 0, 8, 5, 4, 2, 7)
989 (9, 3, 1, 6, 2, 0, 4, 8, 7, 5)
990 (9, 3, 1, 6, 2, 0, 5, 8, 7, 4)
991 (9, 3, 1, 6, 2, 8, 4, 0, 7, 5)
992 (9, 3, 1, 6, 2, 8, 5, 0, 7, 4)
993 (9, 3, 1, 7, 2, 0, 4, 8, 6, 5)
994 (9, 3, 1, 7, 2, 0, 5, 8, 6, 4)
995 (9, 3, 1, 7, 2, 8, 4, 0, 6, 5)
996 (9, 3, 1, 7, 2, 8, 5, 0, 6, 4)
997 (9, 3, 8, 4, 6, 0, 5, 2, 1, 7)
998 (9, 3, 8, 4, 7, 0, 5, 2, 1, 6)
999 (9, 3, 8, 5, 6, 0, 4, 2, 1, 7)
1000 (9, 3, 8, 5, 7, 0, 4, 2, 1, 6)
1001 (9, 4, 0, 1, 6, 8, 5, 2, 3, 7)
1002 (9, 4, 0, 1, 6, 8, 5, 3, 2, 7)
1003 (9, 4, 0, 1, 7, 8, 5, 2, 3, 6)
1004 (9, 4, 0, 1, 7, 8, 5, 3, 2, 6)
1005 (9, 4, 6, 5, 8, 0, 1, 2, 3, 7)
1006 (9, 4, 6, 5, 8, 0, 1, 3, 2, 7)
1007 (9, 4, 7, 5, 8, 0, 1, 2, 3, 6)
1008 (9, 4, 7, 5, 8, 0, 1, 3, 2, 6)
1009 (9, 4, 8, 5, 6, 0, 1, 2, 3, 7)
1010 (9, 4, 8, 5, 6, 0, 1, 3, 2, 7)
1011 (9, 4, 8, 5, 7, 0, 1, 2, 3, 6)
1012 (9, 4, 8, 5, 7, 0, 1, 3, 2, 6)
1013 (9, 5, 0, 1, 6, 8, 4, 2, 3, 7)
1014 (9, 5, 0, 1, 6, 8, 4, 3, 2, 7)
1015 (9, 5, 0, 1, 7, 8, 4, 2, 3, 6)
1016 (9, 5, 0, 1, 7, 8, 4, 3, 2, 6)
1017 (9, 5, 6, 4, 8, 0, 1, 2, 3, 7)
1018 (9, 5, 6, 4, 8, 0, 1, 3, 2, 7)
1019 (9, 5, 7, 4, 8, 0, 1, 2, 3, 6)
1020 (9, 5, 7, 4, 8, 0, 1, 3, 2, 6)
1021 (9, 5, 8, 4, 6, 0, 1, 2, 3, 7)
1022 (9, 5, 8, 4, 6, 0, 1, 3, 2, 7)
1023 (9, 5, 8, 4, 7, 0, 1, 2, 3, 6)
1024 (9, 5, 8, 4, 7, 0, 1, 3, 2, 6)
1025 (9, 6, 0, 1, 7, 8, 4, 5, 2, 3)
1026 (9, 6, 0, 1, 7, 8, 4, 5, 3, 2)
1027 (9, 6, 0, 1, 7, 8, 5, 4, 2, 3)
1028 (9, 6, 0, 1, 7, 8, 5, 4, 3, 2)
1029 (9, 6, 0, 4, 1, 8, 5, 2, 3, 7)
1030 (9, 6, 0, 4, 1, 8, 5, 3, 2, 7)
1031 (9, 6, 0, 4, 7, 8, 5, 2, 3, 1)
1032 (9, 6, 0, 4, 7, 8, 5, 3, 2, 1)
1033 (9, 6, 0, 5, 1, 8, 4, 2, 3, 7)
1034 (9, 6, 0, 5, 1, 8, 4, 3, 2, 7)
1035 (9, 6, 0, 5, 7, 8, 4, 2, 3, 1)
1036 (9, 6, 0, 5, 7, 8, 4, 3, 2, 1)
1037 (9, 6, 1, 4, 0, 8, 5, 2, 3, 7)
1038 (9, 6, 1, 4, 0, 8, 5, 3, 2, 7)
1039 (9, 6, 1, 5, 0, 8, 4, 2, 3, 7)
1040 (9, 6, 1, 5, 0, 8, 4, 3, 2, 7)
1041 (9, 6, 7, 4, 0, 8, 5, 2, 3, 1)
1042 (9, 6, 7, 4, 0, 8, 5, 3, 2, 1)
1043 (9, 6, 7, 5, 0, 8, 4, 2, 3, 1)
1044 (9, 6, 7, 5, 0, 8, 4, 3, 2, 1)
1045 (9, 6, 8, 4, 7, 0, 5, 2, 3, 1)
1046 (9, 6, 8, 4, 7, 0, 5, 3, 2, 1)
1047 (9, 6, 8, 5, 7, 0, 4, 2, 3, 1)
1048 (9, 6, 8, 5, 7, 0, 4, 3, 2, 1)
1049 (9, 7, 0, 4, 1, 8, 5, 2, 3, 6)
1050 (9, 7, 0, 4, 1, 8, 5, 3, 2, 6)
1051 (9, 7, 0, 4, 6, 8, 5, 2, 3, 1)
1052 (9, 7, 0, 4, 6, 8, 5, 3, 2, 1)
1053 (9, 7, 0, 5, 1, 8, 4, 2, 3, 6)
1054 (9, 7, 0, 5, 1, 8, 4, 3, 2, 6)
1055 (9, 7, 0, 5, 6, 8, 4, 2, 3, 1)
1056 (9, 7, 0, 5, 6, 8, 4, 3, 2, 1)
1057 (9, 7, 0, 6, 1, 8, 4, 5, 2, 3)
1058 (9, 7, 0, 6, 1, 8, 4, 5, 3, 2)
1059 (9, 7, 0, 6, 1, 8, 5, 4, 2, 3)
1060 (9, 7, 0, 6, 1, 8, 5, 4, 3, 2)
1061 (9, 7, 1, 4, 0, 8, 5, 2, 3, 6)
1062 (9, 7, 1, 4, 0, 8, 5, 3, 2, 6)
1063 (9, 7, 1, 5, 0, 8, 4, 2, 3, 6)
1064 (9, 7, 1, 5, 0, 8, 4, 3, 2, 6)
1065 (9, 7, 6, 4, 0, 8, 5, 2, 3, 1)
1066 (9, 7, 6, 4, 0, 8, 5, 3, 2, 1)
1067 (9, 7, 6, 5, 0, 8, 4, 2, 3, 1)
1068 (9, 7, 6, 5, 0, 8, 4, 3, 2, 1)
1069 (9, 7, 8, 4, 6, 0, 5, 2, 3, 1)
1070 (9, 7, 8, 4, 6, 0, 5, 3, 2, 1)
1071 (9, 7, 8, 5, 6, 0, 4, 2, 3, 1)
1072 (9, 7, 8, 5, 6, 0, 4, 3, 2, 1)
1073 (9, 8, 0, 6, 7, 1, 4, 5, 2, 3)
1074 (9, 8, 0, 6, 7, 1, 4, 5, 3, 2)
1075 (9, 8, 0, 6, 7, 1, 5, 4, 2, 3)
1076 (9, 8, 0, 6, 7, 1, 5, 4, 3, 2)
1077 (9, 8, 6, 1, 7, 0, 4, 2, 3, 5)
1078 (9, 8, 6, 1, 7, 0, 4, 3, 2, 5)
1079 (9, 8, 6, 1, 7, 0, 5, 2, 3, 4)
1080 (9, 8, 6, 1, 7, 0, 5, 3, 2, 4)
1081 (9, 8, 7, 1, 6, 0, 4, 2, 3, 5)
1082 (9, 8, 7, 1, 6, 0, 4, 3, 2, 5)
1083 (9, 8, 7, 1, 6, 0, 5, 2, 3, 4)
1084 (9, 8, 7, 1, 6, 0, 5, 3, 2, 4)
